- OS: Windows-10-10.0.19045-SP0 10.0.19045
- Python: 3.8.20
- Stable-Baselines3: 2.4.0
- PyTorch: 2.4.1+cpu
- GPU Enabled: False
- Numpy: 1.24.4
- Cloudpickle: 3.1.0
- Gymnasium: 1.0.0
- OpenAI Gym: 0.26.2
